MEMORY
  total            14.6 MB
  struct          159.1 KB
  buffer          413.6 KB
  arena            14.0 MB, used 0.3%

SIZES
  narena                14680064
  nbuffer               423504
  nplugin               0
  maxuse_stack          13248
  maxuse_arena          50032
  maxuse_con            7
  maxuse_efc            43
  ncon                  1
  ne                    7
  nf                    0
  nl                    1
  nefc                  11
  nJ                    220
  nA                    0
  nisland               1
  nidof                 14
  threadpool            0

TIMER
    0:  duration =  0.21       number = 1
    1:  duration =  0.21       number = 4
    2:  duration =  0          number = 0
    3:  duration =  0.17       number = 4
    4:  duration =  0.0092     number = 4
    5:  duration =  0.0013     number = 4
    6:  duration =  0.02       number = 4
    7:  duration =  0          number = 0
    8:  duration =  0.019      number = 4
    9:  duration =  0.0073     number = 4
    10:  duration =  0.12       number = 4
    11:  duration =  0.02       number = 4
    12:  duration =  0.0004     number = 4
    13:  duration =  0.028      number = 4
    14:  duration =  0.043      number = 4

SOLVER STAT
  solver_fwdinv =   0         0       
  ISLAND 0
    solver_niter = 1
    solver_nnz = 196
      0:  improvement =  0           gradient =  2.4e-15     lineslope =  0       
          nactive = 11   nchange = 0   neval = 2   nupdate = 0

ENERGY =   0         0       

TIME =  0.2     

QPOS
   2.9     
  -1.1     
   1.5     
   1.2     
   1.5     
  -0.25    
   0.62    
  -0.058   
   0.58    
  -0.48    
   0.62    
   9.3e-05 
   0.62    
  -0.59    
   1.3     
   0.0084  
   0.3     
   0.51    
   0.45    
   0.6     
  -0.42    

QVEL
  -3.4     
   11      
  -15      
  -12      
  -15      
   2.1     
   1.1     
   0.92    
   1.7     
  -2.9     
   1.1     
  -0.0058  
   1.1     
  -1       
   4.5     
   0.076   
  -0.47    
   8.1     
   12      
  -9.4     

QACC_WARMSTART
   5.5     
   9.2     
   35      
   5.1e+02 
   6e+02   
  -6.2e+02 
  -2.1     
  -24      
  -24      
   36      
   2       
   6.4     
   13      
  -13      
   0       
   4.4e-15 
  -9.8     
   1.5e-13 
   2e-13   
  -7.7e-13 

CTRL
   0       
   0       
   0       
   0       
   0       
   0       
   1.4e+02 

QFRC_APPLIED
   0       
   0       
   0       
   0       
   0       
   0       
   0       
   0       
   0       
   0       
   0       
   0       
   0       
   0       
   0       
   0       
   0       
   0       
   0       
   0       

XFRC_APPLIED
   0         0         0         0         0         0       
   0         0         0         0         0         0       
   0         0         0         0         0         0       
   0         0         0         0         0         0       
   0         0         0         0         0         0       
   0         0         0         0         0         0       
   0         0         0         0         0         0       
   0         0         0         0         0         0       
   0         0         0         0         0         0       
   0         0         0         0         0         0       
   0         0         0         0         0         0       
   0         0         0         0         0         0       
   0         0         0         0         0         0       
   0         0         0         0         0         0       
   0         0         0         0         0         0       
   0         0         0         0         0         0       
   0         0         0         0         0         0       
   0         0         0         0         0         0       
   0         0         0         0         0         0       
   0         0         0         0         0         0       
   0         0         0         0         0         0       
   0         0         0         0         0         0       
   0         0         0         0         0         0       

EQ_ACTIVE             1 1 1

QACC
   5.5     
   9.2     
   35      
   5.1e+02 
   6e+02   
  -6.2e+02 
  -2.1     
  -24      
  -24      
   36      
   2       
   6.4     
   13      
  -13      
   0       
   4.4e-15 
  -9.8     
   1.5e-13 
   2e-13   
  -7.7e-13 

XPOS
   0         0         0       
   0         0         0       
   0         0         0.18    
   0.044     0.17      0.18    
   0.28     -0.032     0.73    
   0.79     -0.17      0.52    
   0.83     -0.036     0.52    
   0.71     -0.0057    0.52    
   0.72     -0.0044    0.42    
   0.72     -0.0043    0.42    
   0.72      0.027     0.36    
   0.72      0.055     0.35    
   0.72      0.0097    0.36    
   0.72      0.036     0.3     
   0.72      0.016     0.29    
   0.72      0.016     0.29    
   0.72     -0.034     0.36    
   0.72     -0.062     0.35    
   0.72     -0.017     0.35    
   0.72     -0.039     0.3     
   0.72     -0.019     0.29    
   0.72     -0.019     0.29    
   1.3       0.0084    0.3     

XQUAT
   1         0         0         0       
   0         0         0        -1       
   0.99      0         0        -0.13    
   0.96      0.029     0.23     -0.12    
   0.56      0.1       0.82     -0.072   
  -0.69      0.092     0.72      0.088   
  -0.55      0.57      0.45     -0.42    
  -0.49      0.51      0.51     -0.49    
  -0.011    -0.71     -0.71     -0.021   
  -0.023     0.0007   -1        -0.0067  
  -0.022    -0.0062   -0.95      0.3     
  -0.022    -0.0056   -0.96      0.27    
  -0.022    -0.0058   -0.96      0.28    
  -0.023    -0.00046  -1         0.045   
  -0.023    -0.00046  -1         0.045   
  -0.023    -0.00046  -1         0.045   
   0.31     -0.95     -0.0075   -0.021   
   0.31     -0.95     -0.0075   -0.021   
   0.31     -0.95     -0.0075   -0.021   
   0.019    -1        -0.00098  -0.023   
   0.019    -1        -0.00098  -0.023   
   0.019    -1        -0.00098  -0.023   
   0.51      0.45      0.6      -0.42    

XMAT
   1         0         0         0         1         0         0         0         1       
  -1         0         0         0        -1        -0        -0         0         1       
   0.97      0.25      0        -0.25      0.97     -0        -0         0         1       
   0.86      0.25      0.44     -0.23      0.97     -0.11     -0.45     -6.9e-18   0.89    
  -0.35      0.25      0.9       0.09      0.97     -0.24     -0.93     -1.4e-17  -0.36    
  -0.039     0.25     -0.97      0.01      0.97      0.25      1        -2.8e-17  -0.04    
   0.25      0.045    -0.97      0.97      0.013     0.25      0.024    -1        -0.04    
  -0.0017    0.045    -1         1         0.013    -0.0011    0.013    -1        -0.045   
  -0.0017    1         0.045     1         0.0011    0.013     0.013     0.045    -1       
  -1        -0.0017    0.045    -0.0011    1         0.013    -0.045     0.013    -1       
  -1         0.025     0.038    -0.0011    0.82     -0.57     -0.045    -0.57     -0.82    
  -1         0.023     0.039    -0.0011    0.85     -0.52     -0.045    -0.52     -0.85    
  -1         0.023     0.039    -0.0011    0.84     -0.54     -0.045    -0.54     -0.84    
  -1         0.0029    0.045    -0.0011    1        -0.089    -0.045    -0.089    -0.99    
  -1         0.0029    0.045    -0.0011    1        -0.089    -0.045    -0.089    -0.99    
  -1         0.0029    0.045    -0.0011    1        -0.089    -0.045    -0.089    -0.99    
   1         0.028     0.036     0.0011   -0.81      0.59      0.045    -0.59     -0.81    
   1         0.028     0.036     0.0011   -0.81      0.59      0.045    -0.59     -0.81    
   1         0.028     0.036     0.0011   -0.81      0.59      0.045    -0.59     -0.81    
   1         0.0028    0.045     0.0011   -1         0.038     0.045    -0.038    -1       
   1         0.0028    0.045     0.0011   -1         0.038     0.045    -0.038    -1       
   1         0.0028    0.045     0.0011   -1         0.038     0.045    -0.038    -1       
  -0.068     0.97      0.22      0.11      0.23     -0.97     -0.99     -0.041    -0.12    

XIPOS
   0         0         0       
   0         0         0       
   0         0         0.18    
   0.18      0.14      0.45    
   0.54     -0.099     0.63    
   0.83     -0.036     0.52    
   0.71     -0.0057    0.52    
   0.72     -0.0045    0.43    
   0.72     -0.0047    0.42    
   0.72     -0.0039    0.38    
   0.72      0.041     0.35    
   0.72      0.046     0.33    
   0.72      0.014     0.33    
   0.72      0.024     0.29    
   0.72      0.012     0.27    
   0.72      0.0083    0.27    
   0.72     -0.048     0.35    
   0.72     -0.051     0.32    
   0.72     -0.019     0.33    
   0.72     -0.027     0.29    
   0.72     -0.016     0.27    
   0.72     -0.013     0.27    
   1.3       0.0084    0.3     

XIMAT
   1         0         0         0         1         0         0         0         1       
  -1         0         0         0        -1        -0        -0         0         1       
   0.97      0.25      0        -0.25      0.97     -0        -0         0         1       
   0.86      0.25      0.44     -0.23      0.97     -0.11     -0.45     -6.9e-18   0.89    
  -0.35      0.25      0.9       0.09      0.97     -0.24     -0.93     -1.4e-17  -0.36    
  -0.97      0.039    -0.25      0.25     -0.01     -0.97     -0.04     -1        -1.1e-16 
  -0.97     -0.25     -0.045     0.25     -0.97     -0.013    -0.04     -0.024     1       
  -0.045     0.0017    1        -0.013    -1         0.0011    1        -0.013     0.045   
   0.045    -1        -0.0001    0.011     0.00038   1        -1        -0.045     0.011   
  -1        -0.0018    0.045    -0.0011    1         0.017    -0.045     0.016    -1       
  -1         0.036    -0.027    -0.0011   -0.63     -0.78     -0.045    -0.78      0.62    
   0.017     1         0.042     0.91      0.0011   -0.4      -0.4       0.045    -0.91    
  -0.0074    1         0.045     0.99      0.0011    0.14      0.14      0.045    -0.99    
  -1         0.017     0.042    -0.0011    0.91     -0.41     -0.045    -0.41     -0.91    
   0.0029    1         0.045     1         0.0011   -0.089    -0.089     0.045    -0.99    
   0.0029    1         0.045     1         0.0011   -0.089    -0.089     0.045    -0.99    
   1         0.034    -0.03      0.0011    0.65      0.76      0.045    -0.76      0.65    
   0.023    -1         0.039    -0.88     -0.0011    0.48     -0.48     -0.045    -0.88    
  -0.0023   -1         0.045    -1        -0.0011   -0.076     0.076    -0.045    -1       
   1         0.017     0.042     0.0011   -0.93      0.36      0.045    -0.36     -0.93    
   0.0028   -1         0.045    -1        -0.0011    0.038    -0.038    -0.045    -1       
   0.0028   -1         0.045    -1        -0.0011    0.038    -0.038    -0.045    -1       
  -0.068     0.97      0.22      0.11      0.23     -0.97     -0.99     -0.041    -0.12    

XANCHOR
   0         0         0.18    
   0.044     0.17      0.18    
   0.28     -0.032     0.73    
   0.79     -0.17      0.52    
   0.83     -0.036     0.52    
   0.71     -0.0057    0.52    
   0.72      0.027     0.36    
   0.72      0.055     0.35    
   0.72      0.0097    0.36    
   0.72      0.017     0.3     
   0.72     -0.034     0.36    
   0.72     -0.062     0.35    
   0.72     -0.017     0.35    
   0.72     -0.021     0.3     
   1.3       0.0084    0.3     

XAXIS
   0         0         1       
   0.25      0.97      0       
   0.25      0.97     -6.9e-18 
   0.25      0.97     -3.5e-17 
  -0.97      0.25     -0.04    
   0.045     0.013    -1       
  -1        -0.0011   -0.045   
  -1        -0.0011   -0.045   
  -1        -0.0011   -0.045   
  -1        -0.0011   -0.045   
   1         0.0011    0.045   
   1         0.0011    0.045   
   1         0.0011    0.045   
   1         0.0011    0.045   
   0         0         1       

GEOM_XPOS
   0         0         0       
   0.9       0         0.23    
   0.25      0         0       
   0         0.25      0       
   0         0         0.25    
   3.1e-06   5e-07     0.094   
   1.4e-07  -2.6e-06   0.031   
  -0.0027   -0.01      0.25    
   0.022     0.086     0.18    
   0.00041   0.0016    0.16    
   0         0         0.13    
   0.22      0.098     0.55    
   0.14      0.12      0.4     
   0.18      0.19      0.43    
   0.18      0.14      0.45    
   0.032     0.12      0.18    
   0.18      0.14      0.45    
   0.79     -0.21      0.52    
   0.63     -0.1       0.59    
   0.51     -0.079     0.64    
   0.53     -0.098     0.63    
   0.3       0.045     0.73    
   0.54     -0.1       0.62    
   0.77     -0.021     0.52    
   0.87     -0.04      0.53    
   0.81     -0.039     0.52    
   0.81     -0.11      0.52    
   0.71     -0.005     0.46    
   0.7      -0.0049    0.56    
   0.72     -0.0061    0.5     
   0.78     -0.023     0.52    
   0.71     -0.0053    0.49    
   0.72     -0.0044    0.42    
   0.72     -0.0044    0.42    
   0.72     -0.0047    0.42    
   0.72     -0.0047    0.42    
   0.72     -0.0039    0.38    
   0.72     -0.0039    0.38    
   0.72      0.041     0.35    
   0.72      0.041     0.35    
   0.72      0.046     0.33    
   0.72      0.046     0.33    
   0.72      0.014     0.33    
   0.72      0.014     0.33    
   0.72      0.024     0.29    
   0.72      0.024     0.29    
   0.72      0.011     0.26    
   0.72      0.012     0.28    
   0.72      0.012     0.27    
   0.72      0.0083    0.27    
   0.72     -0.048     0.35    
   0.72     -0.048     0.35    
   0.72     -0.051     0.32    
   0.72     -0.051     0.32    
   0.72     -0.019     0.33    
   0.72     -0.019     0.33    
   0.72     -0.027     0.29    
   0.72     -0.027     0.29    
   0.72     -0.016     0.26    
   0.72     -0.017     0.28    
   0.72     -0.016     0.27    
   0.72     -0.013     0.27    
   1.3       0.0084    0.3     

GEOM_XMAT
   1         0         0         0         1         0         0         0         1       
   1         0         0         0         1         0         0         0         1       
   0        -0        -1         0         1        -0         1         0         0       
   1         0         0         0         0        -1         0         1         0       
   1         0         0         0        -1        -1.2e-16   0         1.2e-16  -1       
   0         0.95      0.3       0        -0.3       0.95      1         0         0       
   2.5e-06   0.86     -0.52      4e-05     0.52      0.86      1        -2.3e-05  -3.3e-05 
  -0.063    -0.25      0.97     -0.24     -0.93     -0.26      0.97     -0.25     -0.0023  
   0.25     -0.83     -0.49      0.97      0.22      0.13      4.8e-06  -0.51      0.86    
   0.2      -0.97      0.13      0.79      0.24      0.57     -0.58     -0.013     0.81    
   0.97      0.25      0        -0.25      0.97     -0        -0         0         1       
   0.28     -0.87      0.4       0.95      0.2      -0.23      0.12      0.45      0.89    
   0.2      -0.88      0.44      0.98      0.17     -0.11      0.024     0.45      0.89    
   0.26     -0.87      0.43      0.97      0.21     -0.14      0.033     0.45      0.89    
   0.76     -0.48      0.44      0.57      0.81     -0.11     -0.3       0.34      0.89    
   0.86      0.44     -0.25     -0.23     -0.11     -0.97     -0.45      0.89      4.2e-17 
   0.86      0.25      0.44     -0.23      0.97     -0.11     -0.45     -6.9e-18   0.89    
  -0.027     0.32      0.95      0.99     -0.092     0.06      0.11      0.94     -0.31    
  -0.35      0.14      0.93      0.078     0.99     -0.12     -0.93      0.03     -0.35    
   0.23      0.34      0.91      0.97     -0.096    -0.21      0.014     0.93     -0.36    
   0.36      0.23      0.9       0.86     -0.44     -0.24      0.35      0.87     -0.36    
  -0.35      0.9      -0.25      0.09     -0.24     -0.97     -0.93     -0.36      0       
  -0.35      0.25      0.9       0.09      0.97     -0.24     -0.93     -1.4e-17  -0.36    
  -0.97      0.039    -0.25      0.25     -0.01     -0.97     -0.04     -1        -2.5e-06 
  -1         0.038     0.047    -0.047     0.0078   -1        -0.039    -1        -0.006   
  -0.91      0.038     0.41     -0.41     -0.01     -0.91     -0.031    -1         0.025   
  -0.039    -0.97     -0.25      0.01      0.25     -0.97      1        -0.04     -8.3e-17 
   0.045    -0.82     -0.57      0.014    -0.57      0.82     -1        -0.045    -0.015   
   0.33     -0.24     -0.91     -0.062    -0.97      0.23     -0.94     -0.02     -0.34    
   0.72     -0.25     -0.65     -0.17     -0.97      0.19     -0.68     -0.024    -0.73    
   0.25      0.045    -0.97      0.97      0.013     0.25      0.024    -1        -0.04    
   0.25     -0.97     -0.045     0.97      0.25     -0.013     0.024    -0.04      1       
   0.048    -0.046    -1         0.014    -1         0.047    -1        -0.016    -0.047   
  -0.0017   -1        -0.045     1        -0.0011   -0.013     0.013    -0.045     1       
   0.045    -1        -0.0001    0.011     0.00038   1        -1        -0.045     0.011   
   0.045    -1        -0.0001    0.011     0.00038   1        -1        -0.045     0.011   
  -1        -0.0018    0.045    -0.0011    1         0.017    -0.045     0.016    -1       
  -1        -0.0018    0.045    -0.0011    1         0.017    -0.045     0.016    -1       
  -1         0.036    -0.027    -0.0011   -0.63     -0.78     -0.045    -0.78      0.62    
  -1         0.036    -0.027    -0.0011   -0.63     -0.78     -0.045    -0.78      0.62    
   0.017     1         0.042     0.91      0.0011   -0.4      -0.4       0.045    -0.91    
   0.017     1         0.042     0.91      0.0011   -0.4      -0.4       0.045    -0.91    
  -0.0074    1         0.045     0.99      0.0011    0.14      0.14      0.045    -0.99    
  -0.0074    1         0.045     0.99      0.0011    0.14      0.14      0.045    -0.99    
  -1         0.018     0.042    -0.0011    0.91     -0.41     -0.045    -0.41     -0.91    
  -1         0.018     0.042    -0.0011    0.91     -0.41     -0.045    -0.41     -0.91    
  -1         0.0029    0.045    -0.0011    1        -0.089    -0.045    -0.089    -0.99    
  -1         0.0029    0.045    -0.0011    1        -0.089    -0.045    -0.089    -0.99    
   0.0029    1         0.045     1         0.0011   -0.089    -0.089     0.045    -0.99    
   0.0029    1         0.045     1         0.0011   -0.089    -0.089     0.045    -0.99    
   1         0.034    -0.03      0.0011    0.65      0.76      0.045    -0.76      0.65    
   1         0.034    -0.03      0.0011    0.65      0.76      0.045    -0.76      0.65    
   0.023    -1         0.039    -0.88     -0.0011    0.48     -0.48     -0.045    -0.88    
   0.023    -1         0.039    -0.88     -0.0011    0.48     -0.48     -0.045    -0.88    
  -0.0023   -1         0.045    -1        -0.0011   -0.076     0.076    -0.045    -1       
  -0.0023   -1         0.045    -1        -0.0011   -0.076     0.076    -0.045    -1       
   1         0.017     0.042     0.0011   -0.93      0.36      0.045    -0.36     -0.93    
   1         0.017     0.042     0.0011   -0.93      0.36      0.045    -0.36     -0.93    
   1         0.0028    0.045     0.0011   -1         0.038     0.045    -0.038    -1       
   1         0.0028    0.045     0.0011   -1         0.038     0.045    -0.038    -1       
   0.0028   -1         0.045    -1        -0.0011    0.038    -0.038    -0.045    -1       
   0.0028   -1         0.045    -1        -0.0011    0.038    -0.038    -0.045    -1       
  -0.068     0.97      0.22      0.11      0.23     -0.97     -0.99     -0.041    -0.12    

SITE_XPOS
   0.72     -0.0044    0.42    
   0.72     -0.0024    0.27    

SITE_XMAT
  -0.0017    1         0.045     1         0.0011    0.013     0.013     0.045    -1       
  -1        -0.0017    0.045    -0.0011    1         0.013    -0.045     0.013    -1       

CAM_XPOS
   1         1         0.8     

CAM_XMAT
  -0.95      0.13     -0.27     -0.3      -0.41      0.86      0         0.9       0.43    

LIGHT_XPOS
   0        -1         2       
   0         0         1.5     

LIGHT_XDIR
   0.36      0.51     -0.78    
   0         0        -1       

SUBTREE_COM
   0.25      0.038     0.36    
   0.25      0.038     0.36    
   0.28      0.043     0.41    
   0.38      0.058     0.49    
   0.66     -0.052     0.55    
   0.76     -0.017     0.49    
   0.71     -0.005     0.47    
   0.72     -0.0039    0.39    
   0.72     -0.0038    0.38    
   0.72     -0.0037    0.37    
   0.72      0.044     0.34    
   0.72      0.046     0.33    
   0.72      0.016     0.31    
   0.72      0.02      0.29    
   0.72      0.011     0.27    
   0.72      0.0083    0.27    
   0.72     -0.05      0.33    
   0.72     -0.051     0.32    
   0.72     -0.021     0.31    
   0.72     -0.024     0.29    
   0.72     -0.015     0.27    
   0.72     -0.013     0.27    
   1.3       0.0084    0.3     

CDOF
   0         0         1        -0.038     0.25      0       
   0.25      0.97      0         0.18     -0.046    -0.23    
   0.25      0.97     -6.9e-18  -0.35      0.092     0.048   
   0.25      0.97     -3.5e-17  -0.16      0.041     0.58    
  -0.97      0.25     -0.04     -0.038    -0.13      0.075   
   0.045     0.013    -1         0.041     0.47      0.0083  
  -1        -0.0011   -0.045     0.00049   0.023    -0.011   
  -1        -0.0011   -0.045    -0.0008    0.037     0.017   
  -1        -0.0011   -0.045     0.0013    0.029    -0.029   
  -1        -0.0011   -0.045     0.00086   0.086    -0.021   
   1         0.0011    0.045    -0.0033   -0.023     0.073   
   1         0.0011    0.045    -0.0045   -0.039     0.1     
   1         0.0011    0.045    -0.0025   -0.029     0.055   
   1         0.0011    0.045    -0.0026   -0.087     0.059   
   0         0         0         1         0         0       
   0         0         0         0         1         0       
   0         0         0         0         0         1       
  -0.068     0.11     -0.99      1.7e-18   0        -1.2e-19 
   0.97      0.23     -0.041     7.2e-20  -0         1.7e-18 
   0.22     -0.97     -0.12      2.1e-19  -0         3.9e-19 

CINERT
   0         0         0         0         0         0         0         0         0         0       
   0.54      0.77      0.26     -0.037    -0.36     -0.055    -0.98     -0.15     -1.5       4       
   0.3       0.76      0.5      -0.072    -0.35     -0.054    -1.9      -0.29     -1.4       7.8     
   0.58      0.59      0.3       0.1      -0.07     -0.077    -0.87      1.3       1.2       13      
   0.37      0.7       0.5       0.18     -0.26      0.13      1.1      -0.53      1         3.9     
   0.067     0.72      0.68      0.084    -0.18      0.023     1.1      -0.14      0.32      2       
   0.057     0.48      0.43      0.04     -0.14      0.013     0.91     -0.086     0.31      2       
   0.0014    0.046     0.045     0.004    -0.0062    0.00056   0.095    -0.0086    0.013     0.2     
   0.00082   0.034     0.034     0.003    -0.004     0.00036   0.071    -0.0064    0.0086    0.15    
   0.0019    0.17      0.17      0.015    -0.0065    0.00058   0.37     -0.032     0.014     0.78    
   3.1e-06   0.002     0.002    -1.3e-05   5.2e-05   9.7e-07   0.0043    2.8e-05  -0.00011   0.009   
   2.4e-05   0.0032    0.0032   -5.3e-05   0.00025   2.9e-06   0.0067    0.00011  -0.00052   0.014   
   4.7e-05   0.005     0.005     0.00026   0.00037  -1.8e-05   0.011    -0.00054  -0.00078   0.022   
   6.8e-05   0.0029    0.0028    8.5e-05   0.00042  -1.3e-05   0.006    -0.00018  -0.00089   0.013   
   3.1e-05   0.00082   0.0008    4.4e-05   0.00015  -8.3e-06   0.0017   -9.2e-05  -0.00031   0.0035  
   1.2e-05   0.00031   0.0003    1.8e-05   5.5e-05  -3.5e-06   0.00062  -3.9e-05  -0.00012   0.0013  
   7e-05     0.002     0.0021    0.00037   5.7e-05  -1.1e-05   0.0043   -0.00077  -0.00012   0.009   
   0.00013   0.0032    0.0033    0.00059   0.00025  -4.6e-05   0.0067   -0.0013   -0.00053   0.014   
   0.00011   0.005     0.0051    0.0006    0.00038  -4.5e-05   0.011    -0.0013   -0.00079   0.022   
   0.00012   0.0029    0.0029    0.00039   0.00043  -5.8e-05   0.006    -0.00082  -0.00089   0.013   
   3.9e-05   0.00083   0.00081   9e-05     0.00015  -1.7e-05   0.0017   -0.00019  -0.00032   0.0035  
   1.4e-05   0.00031   0.0003    3.2e-05   5.6e-05  -6e-06     0.00062  -6.6e-05  -0.00012   0.0013  
   4.2e-05   4.2e-05   4.2e-05  -3.4e-21  -8.5e-22   0         0        -1.7e-19   0         0.1     

TEN_LENGTH
   0.62    

TEN_MOMENT
   0         0         0         0         0         0         0.5       0         0         0         0.5       0         0         0         0         0         0         0         0         0       

TENDON 0: 0 wrap points

ACTUATOR_LENGTH
   2.9     
  -1.1     
   1.5     
   1.2     
   1.5     
  -0.26    
   0.62    

actuator_moment
----------------------
 x                    |
  x                   |
   x                  |
    x                 |
     x                |
      x               |
       x   x          |
----------------------

ACTUATOR_MOMENT
     0:  1       
     1:  1       
     2:  1       
     3:  1       
     4:  1       
     5:  1       
     6:  0.5       10:  0.5     

CRB
   0         0         0         0         0         0         0         0         0         0       
   1.9       4.3       2.9       0.32     -1.4      -0.015    -1.1e-16  -1.7e-16   6.7e-16   34      
   1.4       3.5       2.7       0.36     -1         0.04      0.98      0.15      1.5       30      
   1.1       2.8       2.2       0.43     -0.68      0.093     2.9       0.45      2.9       22      
   0.5       2.2       1.9       0.32     -0.61      0.17      3.8      -0.81      1.7       9       
   0.13      1.5       1.4       0.15     -0.34      0.038     2.6      -0.28      0.65      5.2     
   0.062     0.76      0.72      0.065    -0.16      0.015     1.5      -0.14      0.34      3.2     
   0.0047    0.28      0.28      0.025    -0.014     0.0013    0.59     -0.053     0.03      1.3     
   0.0033    0.24      0.24      0.021    -0.0079    0.00072   0.5      -0.044     0.017     1.1     
   0.0025    0.2       0.2       0.018    -0.0039    0.00036   0.43     -0.038     0.0083    0.9     
   2.7e-05   0.0052    0.0052   -6.6e-05   0.0003    3.9e-06   0.011     0.00014  -0.00063   0.023   
   2.4e-05   0.0032    0.0032   -5.3e-05   0.00025   2.9e-06   0.0067    0.00011  -0.00052   0.014   
   0.00016   0.0091    0.0089    0.0004    0.001    -4.3e-05   0.019    -0.00085  -0.0021    0.039   
   0.00011   0.004     0.0039    0.00015   0.00063  -2.5e-05   0.0083   -0.00031  -0.0013    0.017   
   4.2e-05   0.0011    0.0011    6.2e-05   0.0002   -1.2e-05   0.0023   -0.00013  -0.00043   0.0048  
   1.2e-05   0.00031   0.0003    1.8e-05   5.5e-05  -3.5e-06   0.00062  -3.9e-05  -0.00012   0.0013  
   0.0002    0.0052    0.0054    0.00096   0.00031  -5.7e-05   0.011    -0.002    -0.00065   0.023   
   0.00013   0.0032    0.0033    0.00059   0.00025  -4.6e-05   0.0067   -0.0013   -0.00053   0.014   
   0.00028   0.0091    0.0091    0.0011    0.001    -0.00013   0.019    -0.0023   -0.0021    0.039   
   0.00017   0.004     0.004     0.00051   0.00063  -8.1e-05   0.0083   -0.0011   -0.0013    0.017   
   5.3e-05   0.0011    0.0011    0.00012   0.00021  -2.3e-05   0.0023   -0.00026  -0.00043   0.0048  
   1.4e-05   0.00031   0.0003    3.2e-05   5.6e-05  -6e-06     0.00062  -6.6e-05  -0.00012   0.0013  
   4.2e-05   4.2e-05   4.2e-05  -3.4e-21  -8.5e-22   0         0        -1.7e-19   0         0.1     

QM
   5.1     
  -0.97      7.1     
   0.23      1.9       2       
   0.032    -0.29     -0.084     0.18    
  -0.12      0.0028    0.0016   -0.00053   0.13    
  -0.00061   6.4e-06   1.2e-05   9.6e-06  -2.4e-08   0.1     
  -0.00044   0.00029   9e-05    -8.3e-05   0.00014  -3e-16     0.005   
  -0.00022  -8.2e-05  -8.4e-05   1.7e-06   5.3e-05  -8.1e-20   1.2e-05   0.001   
  -0.0013    0.00024  -9.3e-05  -0.00014   0.0004    5.3e-12                       0.0011  
  -0.00015   3.8e-05  -4.6e-06  -2e-05     5.2e-05   2.7e-20                       1.9e-05   0.001   
   0.00044   0.00023   0.00021  -7.5e-06  -0.00013  -1.1e-19                                           0.005   
   0.00021  -0.00012  -3.5e-05   3.3e-05  -5.1e-05   2.7e-20                                           1.1e-05   0.001   
   0.0013    7.2e-05   0.00027   8.6e-05  -0.0004    5.3e-12                                                               0.0011  
   0.00014   3.8e-05   4.8e-05   6.5e-06  -5.1e-05  -1.5e-19                                                               1.9e-05   0.001   
                                                                                                                                               0.1     
                                                                                                                                               0         0.1     
                                                                                                                                               0         0         0.1     
                                                                                                                                               0         0         0         4.2e-05 
                                                                                                                                               0         0         0         0         4.2e-05 
                                                                                                                                               0         0         0         0         0         4.2e-05 

M
     0:  5.1     
     0: -0.97       1:  7.1     
     0:  0.23       1:  1.9        2:  2       
     0:  0.032      1: -0.29       2: -0.084      3:  0.18    
     0: -0.12       1:  0.0028     2:  0.0016     3: -0.00053    4:  0.13    
     0: -0.00061    1:  6.4e-06    2:  1.2e-05    3:  9.6e-06    4: -2.4e-08    5:  0.1     
     0: -0.00044    1:  0.00029    2:  9e-05      3: -8.3e-05    4:  0.00014    5: -3e-16      6:  0.005   
     0: -0.00022    1: -8.2e-05    2: -8.4e-05    3:  1.7e-06    4:  5.3e-05    5: -8.1e-20    6:  1.2e-05    7:  0.001   
     0: -0.0013     1:  0.00024    2: -9.3e-05    3: -0.00014    4:  0.0004     5:  5.3e-12    8:  0.0011  
     0: -0.00015    1:  3.8e-05    2: -4.6e-06    3: -2e-05      4:  5.2e-05    5:  2.7e-20    8:  1.9e-05    9:  0.001   
     0:  0.00044    1:  0.00023    2:  0.00021    3: -7.5e-06    4: -0.00013    5: -1.1e-19   10:  0.005   
     0:  0.00021    1: -0.00012    2: -3.5e-05    3:  3.3e-05    4: -5.1e-05    5:  2.7e-20   10:  1.1e-05   11:  0.001   
     0:  0.0013     1:  7.2e-05    2:  0.00027    3:  8.6e-05    4: -0.0004     5:  5.3e-12   12:  0.0011  
     0:  0.00014    1:  3.8e-05    2:  4.8e-05    3:  6.5e-06    4: -5.1e-05    5: -1.5e-19   12:  1.9e-05   13:  0.001   
    14:  0.1     
    15:  0.1     
    16:  0.1     
    17:  4.2e-05 
    18:  4.2e-05 
    19:  4.2e-05 

QLD
     0:  4.7     
     0: -0.23       1:  5       
     0:  0.13       1:  0.93       2:  1.9     
     0:  0.18       1: -1.6        2: -0.47       3:  0.18    
     0: -0.89       1:  0.021      2:  0.014      3: -0.0034     4:  0.13    
     0: -0.0061     1:  6.3e-05    2:  0.00012    3:  9.5e-05    4: -2.4e-07    5:  0.1     
     0: -0.086      1:  0.058      2:  0.018      3: -0.017      4:  0.027      5: -5.9e-14    6:  0.005   
     0: -0.21       1: -0.081      2: -0.083      3:  0.0017     4:  0.053      5: -8e-17      6:  0.012      7:  0.001   
     0: -1.2        1:  0.21       2: -0.083      3: -0.12       4:  0.36       5:  4.8e-09    8:  0.0011  
     0: -0.15       1:  0.038      2: -0.0046     3: -0.019      4:  0.051      5:  2.7e-17    8:  0.019      9:  0.001   
     0:  0.087      1:  0.047      2:  0.042      3: -0.0016     4: -0.026      5: -2.2e-17   10:  0.005   
     0:  0.21       1: -0.12       2: -0.035      3:  0.032      4: -0.05       5:  2.7e-17   10:  0.011     11:  0.001   
     0:  1.2        1:  0.064      2:  0.24       3:  0.077      4: -0.36       5:  4.8e-09   12:  0.0011  
     0:  0.14       1:  0.037      2:  0.047      3:  0.0065     4: -0.051      5: -1.5e-16   12:  0.019     13:  0.001   
    14:  0.1     
    15:  0.1     
    16:  0.1     
    17:  4.2e-05 
    18:  4.2e-05 
    19:  4.2e-05 

QLDIAGINV
   0.21    
   0.2     
   0.52    
   5.5     
   7.7     
   9.9     
   2e+02   
   9.9e+02 
   9e+02   
   9.9e+02 
   2e+02   
   9.9e+02 
   9e+02   
   9.9e+02 
   10      
   10      
   10      
   2.4e+04 
   2.4e+04 
   2.4e+04 

M: inertia structure
----------------------
 x                    |
 xx                   |
 xxx                  |
 xxxx                 |
 xxxxx                |
 xxxxxx               |
 xxxxxxx              |
 xxxxxxxx             |
 xxxxxx  x            |
 xxxxxx  xx           |
 xxxxxx    x          |
 xxxxxx    xx         |
 xxxxxx      x        |
 xxxxxx      xx       |
               x      |
                x     |
                 x    |
                  x   |
                   x  |
                    x |
----------------------

iM: block-diagonal inertia (nnzs are island ids)
----------------
 0              |
 00             |
 000            |
 0000           |
 00000          |
 000000         |
 0000000        |
 00000000       |
 000000  0      |
 000000  00     |
 000000    0    |
 000000    00   |
 000000      0  |
 000000      00 |
----------------

CONTACT
  0:
     dim           3
     geoms         floor : 10
     exclude       0
     efc_address   8
     solref         0.02      1       
     solimp         0.9       0.95      0.001     0.5       2       
     dist          -0.027   
     includemargin  0       
     pos            0         0        -0.013   
     frame          0         0         1         1         0         0         0         1         0       
     friction       1         1         0.005     0.0001    0.0001  
     mu             0.32    
     force          7.1e+16  -0        -0         0         0         0       

EFC_TYPE
  0
  0
  0
  0
  0
  0
  0
  3
  7
  7
  7

EFC_ID
  0
  0
  0
  1
  1
  1
  2
  11
  0
  0
  0

EFC_J
   3.1e-06   2.4e-06   2.4e-06   2.4e-06   5e-07    -3e-06    -0.00046   0.00083   0.0012    0.00083   0         0         0         0         0         0         0         0         0         0       
  -1.1e-07  -6.2e-07  -6.2e-07  -6.2e-07   2.4e-06  -3.3e-09   0.058     0.044    -0.052     0.0049    0         0         0         0         0         0         0         0         0         0       
   0        -6.7e-07  -6.7e-07  -6.7e-07   3e-06    -1.4e-07   0.0087   -0.019    -0.026    -0.018     0         0         0         0         0         0         0         0         0         0       
  -1.2e-05  -9.3e-06  -9.3e-06  -9.3e-06  -1.9e-06   1.2e-05   0         0         0         0        -0.00015   0.0011    0.00095   0.00083   0         0         0         0         0         0       
   4.2e-07   2.4e-06   2.4e-06   2.4e-06  -9.3e-06   1.3e-08   0         0         0         0        -0.057    -0.042     0.052    -0.0058    0         0         0         0         0         0       
   0         2.5e-06   2.5e-06   2.5e-06  -1.1e-05   5.2e-07   0         0         0         0         0.0047   -0.023    -0.022    -0.018     0         0         0         0         0         0       
   0         0         0         0         0         0         1         0         0         0        -1         0         0         0         0         0         0         0         0         0       
   0         0         0         0         0         0         0         0         0         0         0        -1         0         0         0         0         0         0         0         0       
   0         0         0         0         0         0         0         0         0         0         0         0         0         0         0         0         0         0         0         0       
   0         0         0         0         0         0         0         0         0         0         0         0         0         0         0         0         0         0         0         0       
   0         0         0         0         0         0         0         0         0         0         0         0         0         0         0         0         0         0         0         0       

IEFC_J
   3.1e-06   2.4e-06   2.4e-06   2.4e-06   5e-07    -3e-06    -0.00046   0.00083   0.0012    0.00083   0         0         0         0       
  -1.1e-07  -6.2e-07  -6.2e-07  -6.2e-07   2.4e-06  -3.3e-09   0.058     0.044    -0.052     0.0049    0         0         0         0       
   0        -6.7e-07  -6.7e-07  -6.7e-07   3e-06    -1.4e-07   0.0087   -0.019    -0.026    -0.018     0         0         0         0       
  -1.2e-05  -9.3e-06  -9.3e-06  -9.3e-06  -1.9e-06   1.2e-05   0         0         0         0        -0.00015   0.0011    0.00095   0.00083 
   4.2e-07   2.4e-06   2.4e-06   2.4e-06  -9.3e-06   1.3e-08   0         0         0         0        -0.057    -0.042     0.052    -0.0058  
   0         2.5e-06   2.5e-06   2.5e-06  -1.1e-05   5.2e-07   0         0         0         0         0.0047   -0.023    -0.022    -0.018   
   0         0         0         0         0         0         1         0         0         0        -1         0         0         0       
   0         0         0         0         0         0         0         0         0         0         0        -1         0         0       
   0         0         0         0         0         0         0         0         0         0         0         0         0         0       
   0         0         0         0         0         0         0         0         0         0         0         0         0         0       
   0         0         0         0         0         0         0         0         0         0         0         0         0         0       

EFC_POS
  -1.1e-07 
  -3.1e-06 
   2.5e-06 
   4.2e-07 
   1.2e-05 
  -9.6e-06 
  -7.9e-05 
  -9.1e-05 
  -0.027   
   0       
   0       

EFC_MARGIN
   0       
   0       
   0       
   0       
   0       
   0       
   0       
   0       
   0       
   0       
   0       

EFC_FRICTIONLOSS
   0       
   0       
   0       
   0       
   0       
   0       
   0       
   0       
   0       
   0       
   0       

EFC_DIAGAPPROX
   2.1     
   2.1     
   2.1     
   2.1     
   2.1     
   2.1     
   4e+02   
   9.9e+02 
   1.9e-14 
   1.9e-15 
   1.9e-15 

EFC_KBIP
   4.1e+04   4e+02     0.95      0.63    
   4.1e+04   4e+02     0.95      0.63    
   4.1e+04   4e+02     0.95      0.63    
   4.1e+04   4e+02     0.95      2.4     
   4.1e+04   4e+02     0.95      2.4     
   4.1e+04   4e+02     0.95      2.4     
   4.1e+04   4e+02     0.95     -13      
   4.1e+04   4e+02     0.95     -15      
   2.8e+03   1.1e+02   0.95      0       
   0         1.1e+02   0.95      0       
   0         1.1e+02   0.95      0       

EFC_D
   9.2     
   9.2     
   9.2     
   9.1     
   9.1     
   9.1     
   0.048   
   0.019   
   1e+15   
   1e+16   
   1e+16   

EFC_R
   0.11    
   0.11    
   0.11    
   0.11    
   0.11    
   0.11    
   21      
   51      
   1e-15   
   1e-16   
   1e-16   

TEN_VELOCITY
   1.1     

ACTUATOR_VELOCITY
  -3.4     
   11      
  -15      
  -12      
  -16      
   3.2     
   1.1     

CVEL
   0         0         0         0         0         0       
   0         0         0         0         0         0       
   0         0        -3.4       0.13     -0.85      0       
   2.7       10       -3.4       2        -1.3      -2.4     
  -1.1      -4.2      -3.4       7.3      -2.7      -3.2     
  -4.1      -16       -3.4       9.2      -3.2      -10      
   11       -20       -2.8       9.8      -1.1      -11      
   11       -20       -6         9.9       0.41     -11      
   11       -20       -6         9.9       0.41     -11      
   11       -20       -6         9.9       0.41     -11      
   10       -20       -6.1       9.9       0.44     -11      
   9.3      -20       -6.1       9.9       0.47     -11      
   9.6      -20       -6.1       9.9       0.46     -11      
   12       -20       -6         9.9       0.22     -11      
   12       -20       -6         9.9       0.22     -11      
   12       -20       -6         9.9       0.22     -11      
   12       -20       -6         9.9       0.39     -11      
   12       -20       -6         9.9       0.39     -11      
   12       -20       -6         9.9       0.38     -11      
   11       -20       -6         9.9       0.47     -11      
   11       -20       -6         9.9       0.47     -11      
   11       -20       -6         9.9       0.47     -11      
   8.6       13       -7.3       4.5       0.076    -0.47    

CDOF_DOT
   0         0         0         0         0         0       
   3.3      -0.87      0        -0.16     -0.61      0.34    
   3.3      -0.87     -4.4e-16   3.2       0.47      6.2     
   3.3      -0.87     -4.4e-16   0.74      0.38      7.1     
   1.5       3.2      -16        1         11       -0.83    
   20        11        1         2.4       9.1       6.3     
   0.88      6.5      -20        0.33      12        0.67    
   0.88      6.5      -20       -0.14      11        0.79    
   0.88      6.5      -20        0.71      12        0.75    
   0.88      6.5      -20        0.91      12        1.3     
  -0.88     -6.5       20       -1.5      -12       -0.73    
  -0.88     -6.5       20       -2.2      -13       -0.94    
  -0.88     -6.5       20       -1.2      -12       -0.78    
  -0.88     -6.5       20       -1.6      -12       -1.5     
   0         0         0         0         0         0       
   0         0         0         0         0         0       
   0         0         0         0         0         0       
  -0         0         0        -0.024     4.5       0.51    
  -0         0         0         0.1      -0.27      0.98    
   0         0        -0        -0.46      0.46     -4.4     

QFRC_BIAS
  -2.7e+02 
   82      
   1.8e+02 
  -7       
   11      
  -0.19    
   0.025   
   0.031   
   0.12    
   0.013   
  -0.052   
  -0.0097  
  -0.14    
  -0.018   
   0       
  -4.4e-16 
   0.98    
  -6.3e-18 
  -8.1e-18 
   3.2e-17 

QFRC_SPRING
   0       
   0       
   0       
   0       
   0       
   0       
   0       
   0       
   0.1     
   0       
   0       
   0       
   0.1     
   0       
   0       
   0       
   0       
   0       
   0       
   0       

QFRC_DAMPER
   34      
  -1.1e+02 
   75      
   24      
   31      
  -6.5     
  -0.11    
   0       
  -0.0022  
   0       
  -0.11    
   0       
  -0.0013  
   0       
   0       
   0       
   0       
   0       
   0       
   0       

QFRC_GRAVCOMP
   0       
   0       
   0       
   0       
   0       
   0       
   0       
   0       
   0       
   0       
   0       
   0       
   0       
   0       
   0       
   0       
   0       
   0       
   0       
   0       

QFRC_FLUID
   0       
   0       
   0       
   0       
   0       
   0       
   0       
   0       
   0       
   0       
   0       
   0       
   0       
   0       
   0       
   0       
   0       
   0       
   0       
   0       

QFRC_PASSIVE
   34      
  -1.1e+02 
   75      
   24      
   31      
  -6.5     
  -0.11    
   0       
   0.1     
   0       
  -0.11    
   0       
   0.099   
   0       
   0       
   0       
   0       
   0       
   0       
   0       

EFC_VEL
  -6e-05   
  -8.3e-05 
  -0.00019 
   0.00026 
  -0.00044 
   7e-05   
   0.0022  
   0.0064  
   0       
   0       
   0       

EFC_AREF
   0.028   
   0.15    
  -0.02    
  -0.12    
  -0.27    
   0.34    
   2.2     
   0.94    
   71      
  -0       
  -0       

SUBTREE_LINVEL
   0         0         0       
   0         0         0       
   0         0         0       
   0         0         0       
   0         0         0       
   0         0         0       
   0         0         0       
   0         0         0       
   0         0         0       
   0         0         0       
   0         0         0       
   0         0         0       
   0         0         0       
   0         0         0       
   0         0         0       
   0         0         0       
   0         0         0       
   0         0         0       
   0         0         0       
   0         0         0       
   0         0         0       
   0         0         0       
   0         0         0       

SUBTREE_ANGMOM
   0         0         0       
   0         0         0       
   0         0         0       
   0         0         0       
   0         0         0       
   0         0         0       
   0         0         0       
   0         0         0       
   0         0         0       
   0         0         0       
   0         0         0       
   0         0         0       
   0         0         0       
   0         0         0       
   0         0         0       
   0         0         0       
   0         0         0       
   0         0         0       
   0         0         0       
   0         0         0       
   0         0         0       
   0         0         0       
   0         0         0       

ACTUATOR_FORCE
  -3.3e+02 
   1.7e+02 
   1.5e+02 
   56      
   56      
  -56      
  -0.096   

QFRC_ACTUATOR
  -3.3e+02 
   1.7e+02 
   1.5e+02 
   56      
   56      
  -56      
  -0.048   
   0       
   0       
   0       
  -0.048   
   0       
   0       
   0       
   0       
   0       
   0       
   0       
   0       
   0       

QFRC_SMOOTH
  -25      
  -19      
   45      
   87      
   76      
  -62      
  -0.18    
  -0.031   
  -0.019   
  -0.013   
  -0.1     
   0.0097  
   0.24    
   0.018   
   0       
   4.4e-16 
  -0.98    
   6.3e-18 
   8.1e-18 
  -3.2e-17 

QACC_SMOOTH
   5.4     
   9.2     
   35      
   5.1e+02 
   6e+02   
  -6.2e+02 
  -44      
  -58      
  -1.6e+02 
  -30      
  -6.7     
   24      
   3.7e+02 
   35      
   0       
   4.4e-15 
  -9.8     
   1.5e-13 
   2e-13   
  -7.7e-13 

EFC_B
  -0.28    
   2.9     
   5.5     
   0.52    
   19      
  -9.8     
  -40      
  -25      
  -71      
   0       
   0       

EFC_FORCE
   0.4     
  -0.95    
  -3.9     
  -1.1     
  -5.6     
   4.8     
   0.3     
   0.14    
   7.1e+16 
  -0       
  -0       

EFC_STATE
  1
  1
  1
  1
  1
  1
  1
  1
  1
  1
  1

QFRC_CONSTRAINT
   1.1e-05 
   1.2e-05 
   1.2e-05 
   1.2e-05 
  -1.4e-05 
  -1e-05   
   0.21    
   0.035   
   0.15    
   0.068   
   0.044   
  -0.018   
  -0.4     
  -0.055   
   0       
   0       
   0       
   0       
   0       
   0       

QFRC_INVERSE
   0       
   0       
   0       
   0       
   0       
   0       
   0       
   0       
   0       
   0       
   0       
   0       
   0       
   0       
   0       
   0       
   0       
   0       
   0       
   0       

CACC
   0         0         0         0         0         0       
   0         0         0         0         0         0       
   0         0         0         0         0         0       
   0         0         0         0         0         0       
   0         0         0         0         0         0       
   0         0         0         0         0         0       
   0         0         0         0         0         0       
   0         0         0         0         0         0       
   0         0         0         0         0         0       
   0         0         0         0         0         0       
   0         0         0         0         0         0       
   0         0         0         0         0         0       
   0         0         0         0         0         0       
   0         0         0         0         0         0       
   0         0         0         0         0         0       
   0         0         0         0         0         0       
   0         0         0         0         0         0       
   0         0         0         0         0         0       
   0         0         0         0         0         0       
   0         0         0         0         0         0       
   0         0         0         0         0         0       
   0         0         0         0         0         0       
   0         0         0         0         0         0       

CFRC_INT
   0         0         0         0         0         0       
   0         0         0         0         0         0       
   0         0         0         0         0         0       
   0         0         0         0         0         0       
   0         0         0         0         0         0       
   0         0         0         0         0         0       
   0         0         0         0         0         0       
   0         0         0         0         0         0       
   0         0         0         0         0         0       
   0         0         0         0         0         0       
   0         0         0         0         0         0       
   0         0         0         0         0         0       
   0         0         0         0         0         0       
   0         0         0         0         0         0       
   0         0         0         0         0         0       
   0         0         0         0         0         0       
   0         0         0         0         0         0       
   0         0         0         0         0         0       
   0         0         0         0         0         0       
   0         0         0         0         0         0       
   0         0         0         0         0         0       
   0         0         0         0         0         0       
   0         0         0         0         0         0       

CFRC_EXT
   0         0         0         0         0         0       
   0         0         0         0         0         0       
   0         0         0         0         0         0       
   0         0         0         0         0         0       
   0         0         0         0         0         0       
   0         0         0         0         0         0       
   0         0         0         0         0         0       
   0         0         0         0         0         0       
   0         0         0         0         0         0       
   0         0         0         0         0         0       
   0         0         0         0         0         0       
   0         0         0         0         0         0       
   0         0         0         0         0         0       
   0         0         0         0         0         0       
   0         0         0         0         0         0       
   0         0         0         0         0         0       
   0         0         0         0         0         0       
   0         0         0         0         0         0       
   0         0         0         0         0         0       
   0         0         0         0         0         0       
   0         0         0         0         0         0       
   0         0         0         0         0         0       
   0         0         0         0         0         0       

DOF_ISLAND            0 0 0 0 0 0 0 0 0 0 0 0 0 0 -1 -1 -1 -1 -1 -1

ISLAND_NV             14

ISLAND_IDOFADR        0

MAP_IDOF2DOF          0 1 2 3 4 5 6 7 8 9 10 11 12 13 | 14 15 16 17 18 19

EFC_ISLAND            0 0 0 0 0 0 0 0 0 0 0

ISLAND_NEFC           11

ISLAND_IEFCADR        0

MAP_IEFC2EFC          0 1 2 3 4 5 6 7 8 9 10

TENDON_EFCADR         -1

